  (2) 519 565 
  (2) 11 22 
  (2) 722 944 
  (25) 62 137 152 216 242 314 334 349 361 368 481 485 510 523 533 635 640 677 694 714 726 737 884 987 992 
  (27) 106 117 148 168 219 225 232 238 369 377 418 424 467 484 487 491 701 741 806 839 867 892 906 930 946 960 986 
  (2) 200 590 
  (2) 205 289 
  (2) 370 567 
  (2) 179 579 
  (2) 278 402 
  (2) 153 841 
  (2) 312 833 
  (2) 110 787 
  (2) 178 442 
  (2) 411 625 
  (2) 480 630 
  (7) 90 154 209 244 273 320 976 
  (8) 212 354 372 459 460 598 608 819 
  (3) 262 406 660 
  (3) 13 72 84 
  (5) 166 188 339 447 764 
  (2) 281 941 
  (2) 299 683 
  (2) 79 409 
  (2) 103 494 
  (3) 49 228 415 
  (2) 525 908 
  (2) 698 853 
  (4) 253 407 739 765 
  (2) 94 478 
  (3) 690 897 991 
  (2) 556 724 
  (2) 576 811 
  (7) 75 545 559 718 861 945 952 
  (3) 130 497 750 
  (2) 528 965 
  (4) 10 223 279 305 
  (3) 474 918 928 
  (2) 513 866 
  (2) 307 520 
  (4) 159 398 631 979 
  (7) 170 184 381 445 504 626 658 
  (2) 52 404 
  (4) 358 486 546 575 
  (2) 585 754 
  (2) 434 972 
  (12) 7 195 288 378 471 506 507 515 859 912 978 983 
  (9) 239 290 451 529 682 807 963 994 995 
  (2) 122 776 
  (3) 277 302 385 
  (2) 291 904 
  (2) 208 555 
  (4) 92 496 730 981 
  (2) 508 989 
  (2) 268 311 
  (3) 422 432 645 
  (10) 71 147 162 234 256 679 759 893 914 964 
  (3) 303 304 745 
  (2) 350 470 
  (6) 121 328 538 539 583 916 
  (3) 606 891 951 
  (3) 502 518 828 
  (6) 186 552 572 871 879 968 
  (23) 6 32 38 65 127 210 284 310 340 463 549 573 580 610 643 644 673 738 782 800 842 907 932 
  (2) 373 636 
  (4) 699 767 783 799 
  (5) 355 719 735 789 895 
  (3) 128 391 769 
  (15) 31 97 180 233 367 399 417 600 614 729 763 804 810 903 934 
  (17) 37 107 120 172 201 386 403 531 653 685 715 773 779 786 822 920 923 
  (8) 116 226 292 336 483 639 755 950 
  (4) 96 114 408 924 
  (6) 17 293 629 650 709 721 
  (3) 46 169 319 
  (31) 105 138 173 181 190 197 203 247 257 387 416 420 423 440 449 458 500 512 615 618 661 666 669 823 852 864 890 931 953 955 967 
  (7) 21 264 332 670 705 801 851 
  (2) 329 365 
  (3) 113 175 881 
  (2) 9 287 
  (2) 621 746 
  (2) 102 720 
  (2) 313 926 
  (3) 163 412 664 
  (2) 306 788 
  (4) 67 353 430 632 
  (3) 42 593 648 
  (2) 255 671 
  (2) 809 874 
  (17) 3 24 40 160 236 258 308 323 344 612 613 674 703 751 915 985 990 
  (2) 482 680 
  (2) 550 578 
  (2) 124 889 
  (3) 61 108 634 
  (2) 111 711 
  (4) 189 599 654 812 
  (10) 33 55 193 221 296 362 436 453 595 925 
  (3) 421 637 727 
  (57) 2 43 59 76 132 140 141 158 164 211 213 227 235 243 248 254 259 263 270 274 360 395 397 455 473 476 505 514 537 540 562 594 601 604 657 667 697 710 717 728 731 736 740 747 757 760 762 768 797 821 834 870 935 938 940 959 982 
  (7) 198 301 509 566 692 742 888 
  (3) 112 441 993 
  (6) 230 341 708 798 814 973 
  (4) 177 587 961 969 
  (2) 309 532 
  (2) 948 974 
  (6) 19 129 282 400 401 793 
  (2) 425 878 
  (8) 29 82 222 388 725 813 872 984 
  (3) 80 778 876 
  (2) 109 115 
  (3) 15 584 791 
  (16) 45 194 214 250 413 443 561 591 628 659 752 758 820 824 885 997 
  (13) 18 47 77 88 144 150 161 375 771 803 854 857 910 
  (26) 4 28 51 73 104 139 143 145 182 261 269 330 427 522 568 638 646 665 713 744 766 805 817 826 827 832 
  (3) 577 877 894 
  (2) 342 704 
  (2) 280 472 
  (2) 553 749 
  (5) 155 435 456 465 902 
  (26) 50 66 78 142 191 206 215 217 241 260 271 276 324 366 433 457 462 501 542 548 616 716 845 858 886 900 
  (4) 246 333 684 777 
  (9) 93 183 266 327 627 681 700 808 949 
  (4) 26 185 192 958 
  (3) 35 199 218 
  (4) 331 382 516 937 
  (4) 99 272 702 947 
  (60) 8 39 53 57 63 64 91 118 133 135 146 176 220 249 275 286 300 316 322 326 348 376 383 393 394 414 468 469 475 490 524 564 582 589 611 649 652 678 689 707 743 774 775 784 785 840 862 865 868 880 882 899 905 929 936 943 956 977 998 999 
  (16) 74 174 265 347 379 380 450 454 479 503 563 655 756 781 843 922 
  (14) 5 48 54 125 149 171 428 444 495 761 873 911 988 996 
  (3) 283 343 869 
  (3) 69 86 592 
  (3) 224 896 898 
  (5) 452 488 641 688 825 
  (2) 492 732 
  (3) 438 477 530 
  (15) 23 202 267 335 357 374 384 466 521 541 570 780 835 863 921 
  (4) 237 439 829 939 
  (4) 207 558 622 836 
  (3) 98 151 686 
  (12) 89 119 351 448 511 560 569 571 620 623 733 772 
  (6) 390 517 547 696 723 917 
  (5) 70 87 603 849 855