 46 - 169  (8380) 
519 - 565  (8379) 
475 - 564  (8371) 
173 - 669  (8370) 
652 - 862  (8369) 
458 - 953  (8363) 
184 - 504  (8362) 
314 - 635  (8359) 
445 - 658  (8355) 
514 - 537  (8354) 
223 - 279  (8353) 
  2 - 227  (8352) 
344 - 751  (8351) 
890 - 931  (8350) 
120 - 773  (8349) 
259 - 270  (8348) 
601 - 747  (8331) 
199 - 218  (8330) 
 11 -  22  (8324) 
481 - 510  (8322) 
192 - 958  (8321) 
547 - 696  (8318) 
181 - 618  (8317) 
580 - 673  (8305) 
 86 - 592  (8296) 
650 - 721  (8291) 
239 - 682  (8290) 
  8 - 775  (8288) 
 49 - 228  (8285) 
343 - 869  (8273) 
326 - 394  (8272) 
  8 - 784  (8267) 
744 - 826  (8266) 
 21 - 705  (8264) 
180 - 600  (8262) 
227 - 243  (8260) 
595 - 925  (8259) 
 37 - 786  (8258) 
891 - 951  (8255) 
327 - 808  (8251) 
755 - 950  (8244) 
225 - 232  (8234) 
148 - 946  (8229) 
213 - 667  (8226) 
 63 - 868  (8222) 
 51 - 269  (8220) 
931 - 955  (8218) 
481 - 523  (8216) 
357 - 780  (8215) 
460 - 608  (8212) 
182 - 638  (8208) 
332 - 705  (8207) 
 54 - 911  (8206) 
195 - 983  (8199) 
378 - 859  (8197) 
 78 - 548  (8191) 
599 - 654  (8189) 
 28 - 261  (8186) 
 67 - 430  (8185) 
375 - 854  (8183) 
451 - 995  (8180) 
463 - 549  (8174) 
219 - 491  (8164) 
591 - 628  (8158) 
 39 - 956  (8156) 
 24 -  40  (8154) 
119 - 733  (8152) 
155 - 902  (8144) 
148 - 839  (8138) 
757 - 938  (8137) 
473 - 870  (8134) 
349 - 635  (8133) 
361 - 485  (8131) 
209 - 976  (8130) 
207 - 836  (8129) 
189 - 654  (8128) 
140 - 248  (8126) 
452 - 641  (8125) 
183 - 681  (8124) 
722 - 944  (8122) 
216 - 314  (8117) 
 38 - 738  (8115) 
116 - 483  (8107) 
 40 - 323  (8091) 
158 - 834  (8090) 
778 - 876  (8089) 
241 - 433  (8084) 
193 - 296  (8076) 
243 - 248  (8074) 
667 - 821  (8072) 
225 - 906  (8065) 
 55 - 296  (8064) 
813 - 984  (8061) 
918 - 928  (8059) 
168 - 946  (8057) 
 62 - 349  (8054) 
540 - 940  (8053) 
283 - 869  (8047) 
523 - 714  (8046) 
263 - 935  (8043) 
413 - 628  (8030) 
145 - 182  (8028) 
433 - 858  (8025) 
212 - 354  (8018) 
 18 -  47  (8015) 
 50 - 616  (8012) 
473 - 728  (8011) 
200 - 590  (8007) 
 47 - 771  (8005) 
670 - 705  (8002) 
 32 - 340  (7998) 
262 - 660  (7997) 
276 - 462  (7993) 
436 - 595  (7992) 
127 - 573  (7991) 
 99 - 947  (7990) 
386 - 923  (7988) 
515 - 983  (7986) 
477 - 530  (7978) 
247 - 257  (7976) 
414 - 943  (7967) 
  8 - 469  (7966) 
572 - 871  (7965) 
529 - 995  (7963) 
655 - 922  (7961) 
  6 - 644  (7959) 
568 - 826  (7958) 
148 - 418  (7956) 
132 - 248  (7953) 
767 - 799  (7952) 
227 - 395  (7949) 
274 - 455  (7946) 
205 - 289  (7944) 
 38 - 932  (7939) 
  3 -  40  (7933) 
761 - 988  (7929) 
276 - 324  (7923) 
568 - 713  (7922) 
702 - 947  (7919) 
873 - 988  (7916) 
 98 - 151  (7912) 
233 - 399  (7903) 
296 - 595  (7897) 
467 - 892  (7896) 
 55 - 595  (7895) 
186 - 871  (7886) 
 24 - 985  (7884) 
637 - 727  (7883) 
213 - 821  (7881) 
  3 - 915  (7879) 
135 - 300  (7875) 
130 - 750  (7872) 
370 - 567  (7870) 
331 - 937  (7865) 
450 - 781  (7863) 
159 - 979  (7860) 
179 - 579  (7858) 
 28 -  73  (7857) 
620 - 772  (7853) 
331 - 516  (7849) 
341 - 708  (7846) 
162 - 759  (7840) 
172 - 786  (7833) 
203 - 512  (7829) 
188 - 447  (7828) 
152 - 485  (7826) 
484 - 487  (7820) 
379 - 655  (7817) 
278 - 402  (7814) 
 50 - 433  (7812) 
571 - 620  (7810) 
563 - 843  (7809) 
133 - 300  (7806) 
116 - 226  (7805) 
236 - 751  (7802) 
173 - 420  (7801) 
681 - 808  (7799) 
735 - 789  (7793) 
416 - 852  (7792) 
105 - 423  (7791) 
254 - 667  (7789) 
603 - 849  (7787) 
572 - 879  (7782) 
354 - 460  (7778) 
293 - 650  (7776) 
760 - 935  (7775) 
381 - 445  (7774) 
591 - 824  (7772) 
673 - 907  (7771) 
 43 - 360  (7767) 
198 - 301  (7766) 
387 - 661  (7764) 
304 - 745  (7759) 
614 - 763  (7755) 
360 - 537  (7750) 
839 - 930  (7742) 
510 - 523  (7740) 
275 - 862  (7739) 
168 - 232  (7738) 
144 - 161  (7727) 
149 - 911  (7724) 
747 - 821  (7723) 
153 - 841  (7722) 
366 - 886  (7715) 
 57 - 322  (7711) 
397 - 834  (7708) 
655 - 781  (7701) 
517 - 547  (7694) 
 37 - 120  (7693) 
 91 - 943  (7689) 
449 - 852  (7687) 
312 - 833  (7684) 
105 - 387  (7678) 
261 - 817  (7677) 
267 - 384  (7676) 
  2 - 243  (7675) 
193 - 221  (7674) 
201 - 822  (7673) 
518 - 828  (7670) 
 55 - 453  (7666) 
398 - 631  (7663) 
110 - 787  (7660) 
547 - 917  (7658) 
227 - 455  (7654) 
  8 - 220  (7648) 
852 - 953  (7646) 
719 - 789  (7644) 
 40 - 751  (7642) 
718 - 945  (7641) 
441 - 993  (7634) 
178 - 442  (7631) 
331 - 382  (7630) 
821 - 959  (7629) 
238 - 424  (7626) 
271 - 366  (7623) 
  2 - 762  (7622) 
459 - 460  (7618) 
488 - 688  (7612) 
168 - 418  (7609) 
 54 - 428  (7608) 
274 - 397  (7601) 
690 - 897  (7594) 
143 - 427  (7592) 
 13 -  72  (7584) 
458 - 823  (7583) 
334 - 533  (7582) 
411 - 625  (7581) 
250 - 758  (7580) 
188 - 339  (7577) 
125 - 988  (7576) 
238 - 960  (7573) 
158 - 473  (7570) 
242 - 992  (7567) 
274 - 762  (7566) 
170 - 445  (7564) 
417 - 903  (7557) 
139 - 646  (7551) 
 53 - 393  (7549) 
 87 - 849  (7548) 
480 - 630  (7538) 
 47 - 144  (7533) 
214 - 758  (7530) 
 45 - 194  (7528) 
209 - 244  (7522) 
450 - 454  (7517) 
 90 - 273  (7515) 
 90 - 976  (7511) 
 39 - 840  (7510) 
541 - 570  (7509) 
354 - 819  (7505) 
262 - 406  (7503) 
880 - 929  (7490) 
  4 - 827  (7484) 
 72 -  84  (7480) 
 45 - 443  (7477) 
 97 - 180  (7474) 
159 - 631  (7473) 
282 - 400  (7471) 
657 - 940  (7469) 
558 - 836  (7467) 
 45 - 250  (7460) 
161 - 803  (7454) 
181 - 967  (7451) 
141 - 940  (7448) 
863 - 921  (7446) 
 50 -  78  (7443) 
403 - 786  (7442) 
181 - 500  (7441) 
121 - 583  (7438) 
448 - 560  (7429) 
725 - 872  (7423) 
829 - 939  (7419) 
589 - 899  (7418) 
191 - 215  (7416) 
327 - 700  (7409) 
 91 - 649  (7405) 
180 - 417  (7401) 
390 - 517  (7397) 
173 - 423  (7396) 
562 - 757  (7392) 
348 - 490  (7388) 
257 - 852  (7387) 
129 - 401  (7383) 
650 - 709  (7376) 
383 - 649  (7373) 
774 - 905  (7368) 
 78 - 616  (7361) 
486 - 546  (7347) 
300 - 611  (7346) 
152 - 987  (7343) 
323 - 674  (7338) 
303 - 304  (7337) 
 71 - 759  (7335) 
956 - 998  (7331) 
226 - 755  (7315) 
176 - 649  (7313) 
308 - 915  (7311) 
  8 - 146  (7307) 
 54 - 125  (7302) 
 91 - 414  (7299) 
211 - 797  (7296) 
490 - 956  (7285) 
232 - 946  (7283) 
 33 - 193  (7263) 
140 - 594  (7262) 
211 - 870  (7261) 
206 - 366  (7255) 
339 - 764  (7249) 
281 - 941  (7245) 
299 - 683  (7232) 
 79 - 409  (7230) 
390 - 917  (7229) 
522 - 826  (7223) 
682 - 963  (7222) 
 21 - 851  (7217) 
265 - 379  (7215) 
260 - 542  (7207) 
103 - 494  (7204) 
253 - 739  (7203) 
238 - 487  (7201) 
 50 - 886  (7197) 
226 - 950  (7194) 
490 - 840  (7190) 
104 - 568  (7181) 
481 - 533  (7180) 
 33 - 595  (7179) 
241 - 845  (7177) 
335 - 374  (7168) 
112 - 441  (7167) 
  2 - 717  (7164) 
349 - 884  (7163) 
340 - 580  (7160) 
 92 - 981  (7158) 
369 - 487  (7155) 
148 - 701  (7153) 
 82 - 984  (7151) 
355 - 895  (7142) 
 51 - 646  (7140) 
699 - 783  (7137) 
390 - 547  (7134) 
376 - 899  (7133) 
128 - 391  (7130) 
593 - 648  (7129) 
 93 - 681  (7127) 
334 - 523  (7121) 
443 - 885  (7111) 
249 - 582  (7109) 
393 - 414  (7107) 
330 - 665  (7103) 
333 - 777  (7102) 
456 - 465  (7099) 
 49 - 415  (7098) 
138 - 440  (7094) 
254 - 821  (7093) 
509 - 566  (7091) 
562 - 740  (7090) 
457 - 501  (7089) 
525 - 908  (7083) 
140 - 164  (7080) 
147 - 964  (7073) 
235 - 697  (7067) 
622 - 836  (7058) 
160 - 985  (7044) 
762 - 834  (7041) 
 31 - 614  (7040) 
186 - 552  (7033) 
438 - 477  (7024) 
 10 - 223  (7005) 
 57 - 564  (6998) 
726 - 737  (6996) 
 90 - 320  (6995) 
613 - 990  (6988) 
213 - 254  (6984) 
512 - 931  (6982) 
185 - 192  (6981) 
233 - 804  (6977) 
181 - 190  (6975) 
698 - 853  (6974) 
 88 - 144  (6973) 
137 - 640  (6972) 
 62 - 137  (6971) 
328 - 583  (6967) 
173 - 661  (6958) 
849 - 855  (6955) 
 53 - 868  (6954) 
514 - 697  (6951) 
286 - 956  (6948) 
484 - 491  (6947) 
238 - 377  (6946) 
886 - 900  (6941) 
286 - 840  (6940) 
 50 - 271  (6939) 
 75 - 718  (6932) 
506 - 859  (6923) 
401 - 793  (6917) 
729 - 763  (6912) 
515 - 912  (6904) 
413 - 752  (6902) 
857 - 910  (6901) 
253 - 407  (6899) 
206 - 457  (6897) 
731 - 982  (6888) 
 78 - 206  (6886) 
 59 - 360  (6884) 
224 - 898  (6882) 
620 - 733  (6875) 
301 - 888  (6872) 
428 - 996  (6869) 
452 - 825  (6865) 
 21 - 264  (6864) 
611 - 905  (6859) 
195 - 288  (6856) 
  6 - 907  (6855) 
689 - 956  (6851) 
242 - 361  (6850) 
 62 - 242  (6848) 
539 - 916  (6847) 
372 - 598  (6844) 
374 - 384  (6837) 
 77 - 375  (6833) 
133 - 775  (6828) 
416 - 953  (6827) 
227 - 248  (6824) 
135 - 865  (6823) 
443 - 561  (6820) 
106 - 238  (6819) 
599 - 812  (6811) 
177 - 961  (6808) 
147 - 234  (6806) 
265 - 756  (6804) 
840 - 998  (6799) 
269 - 646  (6789) 
302 - 385  (6786) 
347 - 922  (6784) 
685 - 822  (6779) 
237 - 829  (6775) 
 62 - 635  (6767) 
323 - 751  (6763) 
362 - 925  (6753) 
 97 - 804  (6749) 
432 - 645  (6743) 
258 - 751  (6737) 
 74 - 843  (6727) 
774 - 882  (6723) 
 65 - 310  (6716) 
 94 - 478  (6695) 
137 - 368  (6691) 
 29 - 388  (6688) 
548 - 616  (6687) 
573 - 842  (6686) 
468 - 475  (6684) 
258 - 613  (6682) 
 19 - 793  (6680) 
897 - 991  (6679) 
176 - 785  (6671) 
275 - 743  (6665) 
177 - 587  (6664) 
413 - 824  (6660) 
349 - 368  (6657) 
198 - 742  (6647) 
151 - 686  (6646) 
379 - 781  (6645) 
715 - 923  (6644) 
176 - 868  (6627) 
219 - 487  (6618) 
177 - 969  (6611) 
211 - 740  (6609) 
 28 - 427  (6604) 
 53 - 785  (6590) 
459 - 598  (6586) 
659 - 997  (6579) 
673 - 738  (6572) 
397 - 657  (6569) 
181 - 666  (6556) 
155 - 435  (6549) 
556 - 724  (6547) 
871 - 879  (6534) 
248 - 760  (6522) 
573 - 800  (6516) 
 61 - 108  (6515) 
234 - 679  (6513) 
147 - 256  (6510) 
 24 - 674  (6509) 
576 - 811  (6505) 
107 - 531  (6501) 
561 - 820  (6496) 
707 - 936  (6492) 
485 - 987  (6489) 
226 - 639  (6487) 
 59 - 657  (6485) 
237 - 439  (6477) 
 50 - 206  (6476) 
125 - 873  (6473) 
 75 - 559  (6469) 
316 - 469  (6466) 
 70 - 849  (6464) 
466 - 863  (6448) 
378 - 515  (6446) 
 39 - 490  (6444) 
 48 - 988  (6440) 
128 - 769  (6439) 
380 - 479  (6433) 
449 - 864  (6425) 
104 - 638  (6424) 
 64 - 929  (6415) 
511 - 623  (6410) 
414 - 649  (6405) 
130 - 497  (6401) 
248 - 717  (6399) 
 17 - 721  (6392) 
217 - 276  (6389) 
868 - 880  (6384) 
388 - 984  (6380) 
573 - 782  (6379) 
573 - 643  (6368) 
132 - 243  (6367) 
467 - 484  (6365) 
 78 - 858  (6349) 
604 - 757  (6344) 
628 - 885  (6343) 
155 - 465  (6339) 
763 - 934  (6333) 
 59 - 274  (6327) 
355 - 789  (6316) 
276 - 716  (6315) 
133 - 316  (6308) 
449 - 823  (6302) 
197 - 669  (6299) 
 26 - 185  (6297) 
374 - 780  (6296) 
427 - 766  (6291) 
444 - 911  (6282) 
600 - 804  (6265) 
665 - 766  (6259) 
528 - 965  (6252) 
193 - 925  (6243) 
873 - 996  (6239) 
 23 - 863  (6237) 
152 - 694  (6233) 
475 - 582  (6231) 
524 - 956  (6228) 
154 - 976  (6226) 
546 - 575  (6222) 
448 - 511  (6220) 
640 - 714  (6218) 
368 - 884  (6214) 
 42 - 593  (6206) 
149 - 495  (6205) 
206 - 886  (6203) 
587 - 961  (6200) 
531 - 773  (6198) 
 64 - 868  (6195) 
121 - 916  (6191) 
 10 - 305  (6186) 
215 - 616  (6183) 
215 - 462  (6176) 
133 - 784  (6173) 
 33 - 221  (6170) 
394 - 475  (6159) 
198 - 692  (6152) 
474 - 918  (6147) 
221 - 595  (6146) 
211 - 710  (6139) 
679 - 893  (6129) 
513 - 866  (6128) 
249 - 394  (6126) 
202 - 357  (6114) 
 28 - 766  (6110) 
366 - 548  (6106) 
500 - 967  (6104) 
307 - 520  (6095) 
 18 - 857  (6094) 
611 - 882  (6088) 
357 - 466  (6080) 
  8 - 300  (6078) 
631 - 979  (6075) 
174 - 843  (6072) 
170 - 184  (6059) 
 67 - 632  (6056) 
335 - 521  (6048) 
366 - 858  (6045) 
 35 - 199  (6043) 
  5 - 125  (6035) 
 52 - 404  (6030) 
638 - 826  (6025) 
538 - 583  (6017) 
699 - 767  (6002) 
150 - 803  (6000) 
106 - 369  (5997) 
358 - 486  (5995) 
195 - 507  (5989) 
531 - 715  (5987) 
 31 - 729  (5984) 
290 - 807  (5981) 
585 - 754  (5976) 
292 - 483  (5975) 
611 - 774  (5974) 
182 - 330  (5971) 
322 - 475  (5964) 
723 - 917  (5962) 
  7 - 978  (5958) 
232 - 960  (5941) 
589 - 882  (5940) 
434 - 972  (5935) 
  7 - 506  (5927) 
867 - 960  (5925) 
541 - 863  (5924) 
659 - 824  (5923) 
 55 - 436  (5918) 
451 - 994  (5916) 
158 - 710  (5911) 
 53 - 414  (5906) 
393 - 943  (5904) 
122 - 776  (5897) 
246 - 684  (5893) 
277 - 302  (5890) 
211 - 604  (5875) 
104 - 182  (5873) 
166 - 447  (5866) 
387 - 423  (5865) 
300 - 316  (5858) 
700 - 949  (5837) 
  6 - 673  (5824) 
291 - 904  (5820) 
271 - 886  (5814) 
152 - 242  (5806) 
503 - 843  (5801) 
117 - 839  (5794) 
366 - 457  (5789) 
 50 - 366  (5788) 
208 - 555  (5774) 
629 - 709  (5766) 
 92 - 496  (5761) 
238 - 369  (5760) 
263 - 760  (5759) 
834 - 940  (5740) 
 54 - 996  (5735) 
127 - 549  (5728) 
476 - 731  (5717) 
316 - 611  (5711) 
 29 - 984  (5710) 
739 - 765  (5709) 
508 - 989  (5701) 
268 - 311  (5690) 
858 - 886  (5658) 
422 - 645  (5649) 
589 - 905  (5645) 
674 - 703  (5642) 
  6 - 782  (5635) 
158 - 870  (5622) 
266 - 700  (5615) 
336 - 950  (5601) 
 78 - 271  (5598) 
587 - 969  (5597) 
369 - 867  (5583) 
137 - 242  (5578) 
509 - 742  (5575) 
162 - 256  (5572) 
 82 - 725  (5556) 
 40 - 236  (5541) 
594 - 717  (5529) 
163 - 664  (5520) 
 66 - 324  (5511) 
 76 - 259  (5510) 
 45 - 758  (5508) 
912 - 978  (5507) 
531 - 779  (5498) 
271 - 501  (5493) 
408 - 924  (5487) 
483 - 755  (5478) 
814 - 973  (5473) 
479 - 503  (5465) 
139 - 817  (5463) 
 78 - 366  (5436) 
 74 - 379  (5431) 
 96 - 114  (5430) 
303 - 745  (5425) 
 61 - 634  (5420) 
284 - 549  (5414) 
 89 - 119  (5411) 
378 - 912  (5402) 
171 - 495  (5395) 
560 - 733  (5394) 
152 - 992  (5381) 
397 - 762  (5366) 
882 - 977  (5358) 
 82 - 813  (5357) 
267 - 466  (5355) 
509 - 888  (5354) 
 32 -  65  (5351) 
106 - 806  (5350) 
350 - 470  (5349) 
286 - 490  (5319) 
471 - 859  (5316) 
238 - 491  (5311) 
728 - 736  (5308) 
121 - 328  (5305) 
801 - 851  (5303) 
148 - 986  (5299) 
175 - 881  (5294) 
 89 - 772  (5285) 
899 - 905  (5277) 
 18 - 910  (5274) 
450 - 756  (5271) 
606 - 951  (5258) 
490 - 998  (5257) 
132 - 717  (5256) 
512 - 618  (5255) 
502 - 828  (5241) 
468 - 707  (5234) 
176 - 414  (5208) 
369 - 960  (5201) 
375 - 857  (5195) 
529 - 963  (5193) 
 50 - 501  (5179) 
945 - 952  (5167) 
678 - 977  (5156) 
322 - 524  (5150) 
146 - 220  (5142) 
 29 - 222  (5141) 
174 - 503  (5134) 
 24 - 751  (5133) 
 90 - 154  (5129) 
552 - 968  (5121) 
577 - 894  (5120) 
 24 - 323  (5119) 
296 - 925  (5089) 
367 - 934  (5084) 
118 - 394  (5079) 
 51 - 805  (5074) 
 65 - 340  (5069) 
214 - 752  (5062) 
589 - 977  (5057) 
685 - 920  (5054) 
142 - 191  (5053) 
173 - 615  (5020) 
 89 - 569  (5014) 
562 - 604  (4981) 
125 - 996  (4963) 
213 - 540  (4958) 
367 - 417  (4946) 
290 - 529  (4941) 
261 - 427  (4935) 
653 - 920  (4904) 
905 - 977  (4902) 
458 - 512  (4897) 
545 - 861  (4888) 
373 - 636  (4886) 
692 - 888  (4878) 
383 - 999  (4873) 
699 - 799  (4870) 
533 - 737  (4869) 
571 - 772  (4864) 
292 - 336  (4862) 
158 - 797  (4853) 
355 - 719  (4851) 
391 - 769  (4848) 
125 - 761  (4846) 
639 - 755  (4844) 
 97 - 600  (4831) 
  3 - 612  (4828) 
822 - 920  (4826) 
807 - 963  (4823) 
612 - 915  (4817) 
366 - 501  (4813) 
172 - 201  (4797) 
351 - 560  (4790) 
457 - 858  (4771) 
174 - 563  (4769) 
798 - 973  (4759) 
 93 - 627  (4756) 
292 - 950  (4745) 
384 - 521  (4740) 
 96 - 408  (4737) 
  8 - 316  (4727) 
368 - 635  (4723) 
629 - 650  (4717) 
742 - 888  (4712) 
169 - 319  (4703) 
666 - 967  (4688) 
193 - 362  (4659) 
146 - 469  (4645) 
440 - 955  (4640) 
264 - 851  (4635) 
137 - 677  (4625) 
505 - 594  (4616) 
  2 - 132  (4592) 
329 - 365  (4587) 
545 - 945  (4581) 
361 - 694  (4579) 
164 - 762  (4573) 
113 - 881  (4557) 
288 - 983  (4552) 
202 - 541  (4540) 
797 - 870  (4539) 
615 - 669  (4531) 
882 - 899  (4530) 
259 - 601  (4527) 
570 - 835  (4523) 
247 - 890  (4520) 
180 - 367  (4511) 
914 - 964  (4498) 
564 - 785  (4472) 
341 - 973  (4463) 
  9 - 287  (4429) 
322 - 564  (4427) 
448 - 733  (4419) 
729 - 810  (4409) 
485 - 694  (4400) 
741 - 930  (4397) 
621 - 746  (4394) 
643 - 800  (4360) 
 23 - 202  (4351) 
102 - 720  (4337) 
308 - 612  (4336) 
414 - 785  (4325) 
487 - 491  (4322) 
424 - 806  (4321) 
140 - 717  (4315) 
132 - 140  (4311) 
  2 - 164  (4284) 
203 - 823  (4271) 
239 - 290  (4270) 
861 - 945  (4253) 
117 - 986  (4249) 
313 - 926  (4241) 
118 - 582  (4239) 
219 - 484  (4237) 
654 - 812  (4233) 
412 - 664  (4216) 
197 - 864  (4214) 
618 - 931  (4196) 
468 - 582  (4188) 
306 - 788  (4167) 
 67 - 353  (4159) 
349 - 640  (4135) 
643 - 842  (4114) 
 42 - 648  (4095) 
418 - 946  (4067) 
275 - 936  (4052) 
210 - 610  (4038) 
210 - 738  (4031) 
260 - 900  (4030) 
255 - 671  (4026) 
501 - 858  (4003) 
809 - 874  (4001) 
  3 - 308  (3993) 
390 - 723  (3989) 
239 - 963  (3970) 
482 - 680  (3932) 
104 - 330  (3929) 
152 - 361  (3926) 
139 - 827  (3918) 
118 - 468  (3902) 
550 - 578  (3890) 
 26 - 958  (3865) 
394 - 582  (3855) 
239 - 807  (3847) 
124 - 889  (3838) 
108 - 634  (3830) 
 55 - 925  (3788) 
 38 - 310  (3774) 
701 - 986  (3762) 
614 - 810  (3746) 
 50 - 858  (3741) 
111 - 711  (3727) 
189 - 599  (3717) 
 37 - 403  (3699) 
861 - 952  (3690) 
254 - 959  (3682) 
193 - 595  (3668) 
 15 - 791  (3660) 
473 - 982  (3639) 
710 - 870  (3635) 
421 - 727  (3586) 
197 - 852  (3575) 
118 - 475  (3565) 
568 - 832  (3551) 
 31 - 810  (3532) 
584 - 791  (3522) 
 63 - 775  (3508) 
235 - 514  (3501) 
301 - 566  (3495) 
 62 - 368  (3490) 
  8 - 133  (3472) 
112 - 993  (3447) 
 76 - 601  (3446) 
435 - 465  (3403) 
341 - 814  (3400) 
961 - 969  (3374) 
 55 - 362  (3370) 
309 - 532  (3348) 
541 - 921  (3330) 
948 - 974  (3325) 
 19 - 282  (3324) 
 78 - 886  (3323) 
362 - 436  (3290) 
479 - 563  (3280) 
425 - 878  (3277) 
454 - 756  (3266) 
725 - 813  (3258) 
  2 - 140  (3253) 
465 - 902  (3238) 
604 - 740  (3207) 
 80 - 778  (3182) 
109 - 115  (3170) 
 15 - 584  (3167) 
413 - 591  (3158) 
 77 - 854  (3148) 
522 - 744  (3145) 
577 - 877  (3141) 
174 - 479  (3137) 
342 - 704  (3123) 
635 - 884  (3110) 
280 - 472  (3107) 
183 - 808  (3089) 
 50 - 457  (3077) 
553 - 749  (3073) 
644 - 907  (3048) 
155 - 456  (3034) 
747 - 768  (3013) 
510 - 737  (3011) 
217 - 716  (2984) 
246 - 777  (2976) 
194 - 250  (2964) 
501 - 886  (2960) 
258 - 344  (2935) 
390 - 696  (2921) 
266 - 949  (2919) 
433 - 845  (2910) 
106 - 424  (2891) 
366 - 616  (2868) 
185 - 958  (2861) 
127 - 284  (2804) 
 35 - 218  (2780) 
382 - 937  (2773) 
206 - 858  (2761) 
730 - 981  (2710) 
272 - 947  (2702) 
800 - 842  (2687) 
202 - 863  (2642) 
117 - 148  (2641) 
775 - 784  (2634) 
135 - 652  (2591) 
265 - 450  (2562) 
335 - 384  (2504) 
 53 - 176  (2476) 
 78 - 501  (2465) 
  5 - 761  (2429) 
504 - 626  (2342) 
249 - 326  (2284) 
 39 - 286  (2283) 
361 - 992  (2261) 
141 - 540  (2250) 
283 - 343  (2240) 
435 - 902  (2187) 
107 - 773  (2185) 
 69 -  86  (2167) 
224 - 896  (2163) 
452 - 488  (2153) 
 23 - 541  (2147) 
492 - 732  (2104) 
423 - 661  (2103) 
852 - 864  (2071) 
230 - 708  (2061) 
438 - 530  (2045) 
257 - 416  (1916) 
641 - 825  (1873) 
 23 - 921  (1852) 
290 - 963  (1813) 
439 - 829  (1808) 
710 - 797  (1768) 
558 - 622  (1750) 
 98 - 686  (1742) 
119 - 569  (1642) 
 39 - 998  (1624) 
696 - 723  (1441) 
882 - 905  (1381) 
 70 -  87  (1165) 
286 - 998  (818)